0 0.5585937201976776 0.5556640313006938 0.12890607118606567 0.12890631041955203
0 0.3959961235523224 0.47460929374210536 0.045898497104644775 0.1484375213040039
0 0.94970703125 0.4311522964271717 0.1005859375 0.05371082993224263
0 0.03271484375 0.5688477579387836 0.0654296875 0.127929856069386
0 0.019531235098838806 0.3325195221696049 0.03906247019767761 0.0751954804873094
0 0.13867193460464478 0.7094725825008936 0.109375 0.11035155388526618
0 0.8354493975639343 0.01806635336834006 0.0615234375 0.03613270673668012
0 0.11621084809303284 0.9790039125364274 0.056640565395355225 0.04199217492714524
0 0.9541015326976776 0.7094725825008936 0.09179693460464478 0.12207006802782416
0 0.37939444184303284 0.9790039125364274 0.10644519329071045 0.04199217492714524
