0 0.9428711831569672 0.38476568399346434 0.032226622104644775 0.06054680683882907
0 0.51171875 0.3164063131553121 0.06445303559303284 0.06249998102430254
0 0.2597655951976776 0.5454102121002506 0.11914053559303284 0.0439452244900167
0 0.23339848220348358 0.7114257701032329 0.056640565395355225 0.04785157286096364
0 0.7138671725988388 0.9414062561409082 0.06054690480232239 0.06249998102430254
0 0.60400390625 0.38476568399346434 0.08300778269767761 0.08203119190875441
0 0.8974608480930328 0.6630859700671863 0.05078136920928955 0.10546875116415322
0 0.8935547173023224 0.13720706169988262 0.10156232118606567 0.12597661551262718
0 0.7895507514476776 0.5380858752760105 0.059570372104644775 0.10156240279320627
0 0.09570309519767761 0.9384765504655661 0.1289062798023224 0.12304689906886779
