0 0.28027334809303284 0.008300787820189726 0.060546696186065674 0.01660157564037945
0 0.36669930815696716 0.9418944833159912 0.1025390625 0.06347643537446856
0 0.016113266348838806 0.7919921477441676 0.03222653269767761 0.09374997153645381
0 0.015625 0.5405274093791377 0.03125 0.08691399462986737
0 0.016113266348838806 0.24560540821403265 0.03222653269767761 0.032226444862317294
0 0.16845712065696716 0.095214845467126 0.12207013368606567 0.08496095318696462
0 0.3857422173023224 0.10595703800208867 0.07812511920928955 0.061523393931565806
0 0.5581055581569672 0.7905273334763478 0.0615234375 0.10058594844304025
0 0.5605467855930328 0.4765624813444447 0.060546696186065674 0.0585936326533556
0 0.8383787870407104 0.2827147885400336 0.0615234375 0.09472642588661984
0 0.9624023735523224 0.38476568399346434 0.07519525289535522 0.12304678786313161
0 0.9658203423023224 0.10595703800208867 0.06835931539535522 0.06542974230251275
0 0.1313476264476776 0.38476568399346434 0.12402361631393433 0.12109387916279957
