0 0.6928709298372269 0.8256835992797278 0.12792953848838806 0.127929856069386
0 0.016113266348838806 0.10205074929399416 0.03222653269767761 0.1044922968139872
0 0.36669930815696716 0.01123041300161276 0.1025390625 0.02246082600322552
0 0.02783207595348358 0.3969726177165285 0.05566415190696716 0.0986330397427082
0 0.52685546875 0.158203113329364 0.12597668170928955 0.10742192534962669
0 0.2797851860523224 0.9448242636572104 0.12402361631393433 0.11035147268557921
0 0.28027334809303284 0.39648439054144546 0.12890607118606567 0.12890631041955203
0 0.28027334809303284 0.12011714591062628 0.12890607118606567 0.12890631041955203
0 0.5581055581569672 0.40478504897328094 0.12402361631393433 0.12402350769843906
0 0.8369138836860657 0.9526366949139629 0.11328113079071045 0.09472661017207429
