0 0.06494131684303284 0.15283201035344973 0.07324224710464478 0.0732420408166945
0 0.19384759664535522 0.9785155526187737 0.12402361631393433 0.04296889476245269
0 0.4257813096046448 0.7094725825008936 0.14062488079071045 0.057617178303189576
0 0.5625000596046448 0.6176757851499133 0.07031244039535522 0.0986330397427082
0 0.3745117783546448 0.9750976969080511 0.08496105670928955 0.049804606183897704
0 0.9428709149360657 0.4282226678915322 0.0810549259185791 0.05957008700352162
0 0.9536131620407104 0.15283201035344973 0.0927736759185791 0.12207006802782416
0 0.60205078125 0.0844727722578682 0.14746081829071045 0.0439452244900167
0 0.03271484375 0.5615235538571142 0.0654296875 0.12695287074893713
0 0.11035165190696716 0.3989258515648544 0.095703125 0.12402350769843906
0 0.4194335341453552 0.4311522964271717 0.12402361631393433 0.12207006802782416
0 0.6923828721046448 0.7099608096759766 0.05078136920928955 0.11132800823543221
0 0.28027334809303284 0.2866211234941147 0.07617205381393433 0.13964837021194398
0 0.2797851860523224 0.031250080006429926 0.12402361631393433 0.06250016001285985
0 0.28027334809303284 0.5683592652785592 0.05859363079071045 0.11132800823543221
0 0.8369138836860657 0.03369148136698641 0.11328113079071045 0.06738296273397282
