0 0.6748046875 0.9902344053261913 0.060546696186065674 0.019531189347617328
0 0.7836913168430328 0.942871070408728 0.05761730670928955 0.06152352667413652
0 0.6318359971046448 0.7973633103829343 0.150390625 0.0439452244900167
0 0.8134765028953552 0.6630859700671863 0.03124988079071045 0.06054680683882907
0 0.5244140625 0.6630859700671863 0.12890607118606567 0.12890631041955203
0 0.08642569184303284 0.22998041295795701 0.12597668170928955 0.11621081095654517
0 0.5615233480930328 0.10595703800208867 0.08984392881393433 0.08886716881534085
0 0.6743163168430328 0.5278320426587015 0.12597668170928955 0.12597668188391253
0 0.78759765625 0.38574213834363036 0.07910144329071045 0.06054680683882907
0 0.49414071440696716 0.3842773240758106 0.056640565395355225 0.06152352667413652
0 0.9531250596046448 0.5336914324725512 0.07031244039535522 0.13964837021194398
