0 0.7895507514476776 0.4775390684371814 0.059570372104644775 0.09765631990740076
0 0.6118163764476776 0.38476568399346434 0.09082025289535522 0.08984362316550687
0 0.5097655802965164 0.22509761023684405 0.06249997019767761 0.08691399462986737
0 0.23339848220348358 0.7910155606514309 0.07617184519767761 0.14062509004725143
0 0.3793945014476776 0.6621093829744495 0.12402340769767761 0.12109361367765814
0 0.5122070163488388 0.8422851219656877 0.059570372104644775 0.08691399462986737
0 0.0942382961511612 0.6630859700671863 0.13964834809303284 0.06445315520977601
0 0.04736328125 0.38476568399346434 0.0947265625 0.06249998102430254
0 0.054199203848838806 0.10595703800208867 0.05566403269767761 0.061523393931565806
0 0.6157226115465164 0.09863283392041922 0.08300778269767761 0.07617193483747542
0 0.9208984673023224 0.38476568399346434 0.10742193460464478 0.10742192534962669
