0 0.030273497104644775 0.2695312543073669 0.06054699420928955 0.06054680683882907
0 0.4423827528953552 0.6865234562428668 0.0605471134185791 0.0312502559972927
0 0.4423827528953552 0.4072264503338374 0.109375 0.10937509953510016
0 0.03759753704071045 0.7832030563149601 0.04589807987213135 0.15039043000433594
0 0.6049803495407104 0.8256835992797278 0.08496105670928955 0.06152352667413652
0 0.9848633408546448 0.10644532484002411 0.03027331829071045 0.08398436609422788
0 0.8369140625 0.2998047240980668 0.12500035762786865 0.1250000947911758
0 0.5800782442092896 0.26855473358591553 0.13476526737213135 0.13476570023340173
0 0.30322277545928955 0.26855466721463017 0.03222620487213135 0.06054680683882907
0 0.7524415850639343 0.9125975939095952 0.1240231990814209 0.0986330397427082
0 0.7211912870407104 0.4028321402729489 0.1162109375 0.12402350769843906
0 0.7202149629592896 0.13964848953764886 0.05956995487213135 0.09570314572192729
0 0.1669921875 0.3911133606452495 0.068359375 0.08886743430048227
