0 0.28027334809303284 0.11230471465387382 0.06445324420928955 0.0585936326533556
0 0.13330069184303284 0.025878887536237016 0.12402361631393433 0.05175777507247403
0 0.6586914509534836 0.26855466721463017 0.07714858651161194 0.07617193483747542
0 0.96337890625 0.2695312543073669 0.0732421875 0.06054680683882907
0 0.2856445908546448 0.9677733302523848 0.0751953125 0.06445333949523047
0 0.41796883940696716 0.027832061721710488 0.13085955381393433 0.055664123443420976
0 0.8354493975639343 0.11425775609677657 0.05956995487213135 0.08789071446517482
0 0.8642576336860657 0.7045897201169282 0.1171872615814209 0.0439452244900167
0 0.9829101860523224 0.7832030563149601 0.034179627895355225 0.15039043000433594
0 0.3774413764476776 0.5488279947312549 0.10644519329071045 0.06249998102430254
0 0.015136733651161194 0.3676758013898507 0.030273467302322388 0.09472669137176126
