0 0.487957 0.765705 0.019591 0.029069
0 0.625778 0.611988 0.019615 0.032806
0 0.627423 0.299890 0.018193 0.028470
0 0.288604 0.333147 0.018396 0.028800
0 0.169241 0.580623 0.018027 0.028382
0 0.727700 0.575395 0.011664 0.021274
0 0.726144 0.518572 0.018574 0.028852
0 0.546264 0.800020 0.017643 0.027953
0 0.189017 0.237406 0.018531 0.028878
0 0.147589 0.612411 0.013834 0.013580
0 0.407832 0.768343 0.018249 0.028814
0 0.527180 0.515902 0.015526 0.024545
0 0.389822 0.864358 0.011762 0.017296
0 0.549160 0.612636 0.012321 0.013242
0 0.710911 0.612521 0.015724 0.013458
0 0.427454 0.799976 0.015862 0.024686
0 0.114838 0.424217 0.012734 0.016525
0 0.606810 0.828924 0.019003 0.029308
0 0.646569 0.392523 0.008611 0.017816
0 0.209035 0.704087 0.018191 0.028461
0 0.606742 0.329655 0.017399 0.027472
0 0.189846 0.799996 0.019865 0.013251
0 0.461856 0.862365 0.015217 0.013315
0 0.425820 0.551609 0.012590 0.017302
0 0.346772 0.612766 0.018374 0.026879
0 0.304939 0.612477 0.011999 0.018901
0 0.236199 0.738959 0.012865 0.016544
0 0.227396 0.362469 0.019165 0.030347
0 0.345648 0.423414 0.013538 0.016075
0 0.313930 0.549810 0.014186 0.013615
0 0.527197 0.460279 0.008478 0.016639
0 0.407938 0.715376 0.010657 0.016911
0 0.703024 0.482717 0.018201 0.023081
0 0.248691 0.698960 0.008627 0.018067
0 0.544111 0.426823 0.011347 0.017178
0 0.272150 0.299738 0.011106 0.013592
0 0.153760 0.674905 0.014691 0.023169
0 0.686420 0.272593 0.008492 0.016375
0 0.089749 0.592759 0.008535 0.019259
0 0.650455 0.276993 0.016617 0.010413
0 0.367178 0.465293 0.010632 0.018141
0 0.143984 0.550365 0.013768 0.013778
0 0.527012 0.638971 0.008594 0.019433
0 0.307710 0.675030 0.011743 0.013223
0 0.267673 0.175214 0.012759 0.013721
0 0.248843 0.776538 0.015058 0.012018
0 0.107877 0.612492 0.011187 0.017514
0 0.089750 0.529668 0.008472 0.019340
0 0.288648 0.198525 0.011289 0.012673
0 0.567216 0.705425 0.008579 0.021497
0 0.424156 0.862562 0.007920 0.013543
0 0.582858 0.737671 0.010518 0.013272
0 0.235647 0.424962 0.008166 0.022138
0 0.169112 0.325175 0.008635 0.018986
0 0.606655 0.384897 0.008632 0.022321
0 0.646883 0.325167 0.010504 0.017234
0 0.375866 0.737371 0.008792 0.013579
0 0.606736 0.458255 0.008129 0.031698
0 0.504635 0.612476 0.011139 0.016108
0 0.208843 0.776359 0.008710 0.024560
0 0.248810 0.398821 0.009643 0.017618
0 0.368454 0.519655 0.009839 0.016959
0 0.726173 0.831290 0.008568 0.021491
0 0.089682 0.708954 0.010901 0.017684
0 0.248510 0.643496 0.008524 0.024559
0 0.342380 0.540362 0.006573 0.033646
0 0.288756 0.583763 0.008972 0.024639
0 0.089731 0.665732 0.008689 0.010675
0 0.583509 0.872237 0.006618 0.032845
0 0.344245 0.809981 0.006286 0.033520
0 0.546058 0.737436 0.019863 0.012131
0 0.248760 0.197400 0.013583 0.010048
0 0.182530 0.352566 0.006580 0.033395
0 0.464224 0.746909 0.006533 0.032768
0 0.404000 0.641324 0.017024 0.010886
0 0.358786 0.862533 0.004581 0.013633
0 0.550580 0.362449 0.004611 0.013662
0 0.586874 0.549966 0.004563 0.013422
0 0.666418 0.862529 0.004583 0.013561
0 0.616022 0.174929 0.004497 0.013549
0 0.169298 0.444611 0.008598 0.007078
0 0.288563 0.141160 0.008667 0.007032
0 0.487518 0.518704 0.008523 0.007006
0 0.129455 0.643737 0.008690 0.007181
0 0.358889 0.737528 0.004461 0.013589
0 0.407875 0.581236 0.008627 0.006954
0 0.268721 0.424872 0.004707 0.013628
0 0.248759 0.162051 0.008593 0.007023
0 0.459012 0.362444 0.004477 0.013676
0 0.235115 0.174934 0.004573 0.013575
