0 0.487368 0.518479 0.019064 0.027527
0 0.149958 0.299952 0.017422 0.027279
0 0.229503 0.612325 0.018391 0.029108
0 0.429530 0.424850 0.017623 0.027761
0 0.328384 0.895683 0.018143 0.028769
0 0.607073 0.516501 0.020212 0.031153
0 0.248871 0.391312 0.018046 0.028346
0 0.624749 0.299972 0.017914 0.028198
0 0.266728 0.925023 0.017051 0.027025
0 0.308419 0.924999 0.017481 0.027176
0 0.664773 0.612568 0.018304 0.028517
0 0.228559 0.549977 0.018798 0.029350
0 0.625878 0.362428 0.018354 0.028684
0 0.447663 0.396577 0.018704 0.029127
0 0.646513 0.639747 0.008947 0.023690
0 0.646554 0.583367 0.017029 0.027284
0 0.567900 0.389413 0.010768 0.022200
0 0.089691 0.579045 0.017808 0.028194
0 0.386884 0.112375 0.017563 0.027592
0 0.506772 0.299954 0.018134 0.028111
0 0.466838 0.174899 0.018142 0.028714
0 0.606778 0.203667 0.019302 0.029935
0 0.108549 0.549879 0.019544 0.031244
0 0.509466 0.111031 0.019109 0.032102
0 0.606785 0.392368 0.012351 0.019611
0 0.147780 0.549911 0.015637 0.024301
0 0.247140 0.264890 0.012104 0.026619
0 0.268197 0.612433 0.011833 0.013485
0 0.248844 0.587726 0.008684 0.022265
0 0.428819 0.673971 0.018270 0.029111
0 0.328265 0.704939 0.014743 0.023522
0 0.586715 0.362367 0.011486 0.014768
0 0.501658 0.549969 0.012007 0.018879
0 0.150537 0.925040 0.018295 0.028684
0 0.487599 0.648381 0.008542 0.023733
0 0.586679 0.675204 0.013658 0.013928
0 0.152073 0.862384 0.014345 0.013462
0 0.348684 0.362715 0.014897 0.013612
0 0.539842 0.237655 0.011322 0.013923
0 0.566985 0.584203 0.008502 0.016513
0 0.566940 0.450806 0.008698 0.019236
0 0.129334 0.713625 0.008620 0.023188
0 0.248802 0.449467 0.008318 0.018339
0 0.706490 0.425046 0.012649 0.013587
0 0.109572 0.487206 0.012327 0.013513
0 0.129641 0.276436 0.008564 0.019660
0 0.089566 0.827721 0.008517 0.018097
0 0.407872 0.528776 0.008534 0.021705
0 0.407978 0.775334 0.016494 0.013596
0 0.303406 0.299827 0.012275 0.013857
0 0.407718 0.695732 0.008561 0.024012
0 0.584123 0.300123 0.013646 0.013627
0 0.103446 0.862235 0.011003 0.013598
0 0.618796 0.674833 0.008039 0.013644
0 0.487460 0.454903 0.008553 0.013246
0 0.230815 0.362489 0.011819 0.018528
0 0.225300 0.737457 0.010139 0.013382
0 0.228577 0.237437 0.019849 0.011943
0 0.169166 0.571950 0.008740 0.012774
0 0.310365 0.112380 0.011697 0.014494
0 0.089639 0.521088 0.008782 0.024800
0 0.169236 0.196664 0.014302 0.010862
0 0.248502 0.829740 0.008675 0.019769
0 0.487538 0.259714 0.008463 0.023988
0 0.223598 0.112388 0.008445 0.013775
0 0.447769 0.213689 0.008434 0.016759
0 0.588500 0.237580 0.014492 0.013954
0 0.606570 0.590150 0.008682 0.013072
0 0.135743 0.409891 0.021412 0.010007
0 0.208867 0.514437 0.008505 0.023250
0 0.130192 0.517610 0.009768 0.024679
0 0.351015 0.112489 0.014246 0.014156
0 0.169157 0.817744 0.008797 0.013435
0 0.466554 0.487031 0.008461 0.014215
0 0.550729 0.618434 0.006520 0.026259
0 0.327986 0.200606 0.010026 0.017027
0 0.169210 0.265995 0.008228 0.031156
0 0.730063 0.345472 0.016268 0.009757
0 0.083417 0.699364 0.021400 0.010452
0 0.443657 0.327523 0.017032 0.010608
0 0.527224 0.573767 0.007301 0.009856
0 0.108379 0.925655 0.011818 0.014037
0 0.307980 0.602624 0.006746 0.033199
0 0.300281 0.862499 0.004500 0.013350
0 0.441270 0.265551 0.021231 0.010056
0 0.682212 0.588547 0.016615 0.010105
0 0.729625 0.197642 0.029394 0.015406
0 0.209011 0.268719 0.008714 0.007069
0 0.114358 0.112402 0.004598 0.013610
0 0.248808 0.643670 0.008706 0.007105
0 0.154277 0.799998 0.004532 0.013788
0 0.646516 0.704433 0.008862 0.007269
0 0.228948 0.924989 0.004470 0.013544
0 0.270219 0.737502 0.004646 0.013553
0 0.606728 0.331172 0.008612 0.007132
